33.29522240000001 577.078 30.46 391.28
32.78217792000001 553.863 19.36 362.45
32.37174233600001 535.317 23.54 407.74
32.04339386880001 520.465 14.23 338.96
31.78071509504001 508.672 30.33 307.05
31.570572076032008 499.114 26.90 352.78
31.267966128660486 491.319 25.12 440.55
31.16037290292839 485.335 30.40 325.22
34.27289832234271 480.333 33.33 360.29
33.56431865787417 476.694 29.69 354.10
32.99745492629933 471.098 28.51 381.72
34.26416394103947 468.86 31.64 366.77
37.495131152831576 465.745 42.16 394.68
37.86230492226526 464.889 40.09 400.00
43.562843937812204 463.925 43.15 334.42
42.716475150249764 463.284 43.48 348.71
45.238180120199814 425.89 45.77 394.24
52.91174409615985 414.471 69.90 336.60
55.60239527692788 386.946 66.33 302.10
64.63611622154231 346.46 86.00 298.49
77.28709297723385 332.531 87.79 273.45
76.09327438178708 302.857 81.68 279.35
71.93961950542966 279.255 54.70 200.54
76.24669560434373 260.236 83.83 112.14
88.03295648347498 245.117 128.80 120.08
97.46196518677998 242.238 134.67 108.64
105.00517214942398 239.737 134.98 137.58
111.03973771953919 237.986 134.43 161.52
115.86739017563136 231.938 133.08 190.63
119.72951214050508 227.093 134.27 225.24
122.81920971240406 223.262 134.89 160.83
125.29096776992324 220.218 130.85 139.47
127.2683742159386 217.634 129.80 170.17
124.43429937275087 215.645 94.82 223.90
118.2424394982007 213.992 86.63 225.11
113.28895159856056 226.54 93.01 237.23
114.72516127884845 236.271 89.92 201.87
108.50132902307875 225.805 81.57 260.54
101.064663218463 236.018 73.14 288.64
101.0059305747704 230.399 64.84 328.02
90.88854445981632 225.663 47.89 345.44
80.57703556785304 222.025 40.37 357.91
76.50582845428244 219.211 54.29 378.70
73.24886276342595 216.949 46.81 334.98
62.51683216859261 215.121 39.13 347.31
57.01946573487409 227.239 37.33 326.53
51.76157258789927 255.514 32.20 316.36
50.26425807031942 287.542 30.49 363.77
46.35740645625554 322.404 35.46 328.21
43.231925165004434 350.129 29.97 396.62
40.731540132003545 371.149 29.96 316.71
38.731232105602835 389.239 26.90 374.32
37.13098568448227 403.495 30.52 340.78
37.57098854758581 415.142 31.28 341.27
36.20279083806865 424.28 17.04 438.14
35.108232670454925 431.677 21.77 459.47
34.23258613636394 437.627 25.35 510.74
33.53206890909115 442.399 29.39 578.37
32.971655127272925 446.033 29.25 522.39
32.52332410181834 449.052 28.23 455.51
33.36368171962547 217.274 21.73 153.23
32.836945375700374 217.855 27.30 169.18
32.4155563005603 218.257 22.32 160.90
32.07844504044824 213.967 27.48 156.92
31.80875603235859 206.335 29.23 158.06
31.593004825886872 200.13 29.82 139.92
32.2804038607095 199.615 28.99 144.72
31.9703230885676 212.261 30.60 154.68
34.92085847085408 213.624 33.92 130.25
34.08268677668326 214.767 30.57 129.81
36.12114942134661 215.704 36.52 144.01
35.04291953707729 216.074 33.21 155.35
34.18033562966183 216.743 34.94 182.76
40.61726850372946 217.003 44.23 189.55
38.63981480298357 217.672 31.52 173.04
37.05785184238686 218.243 41.46 145.72
45.138681473909486 218.654 55.65 159.71
47.17594517912759 218.573 53.82 131.22
48.80575614330207 218.884 67.91 113.29
56.750804914641655 219.112 90.49 88.09
68.02024393171332 214.721 78.33 114.82
66.46039514537065 206.998 60.53 91.54
65.21251611629653 182.944 77.65 51.84
73.81221289303723 163.927 97.21 18.26
79.20397031442978 148.725 88.01 40.60
83.51737625154382 136.39 123.76 14.40
93.84950100123505 122.267 133.59 39.57
102.11520080098805 111.01 132.96 48.79
108.72776064079044 101.864 133.31 34.37
114.01780851263234 99.006 133.80 45.90
118.24984681010588 96.805 134.35 22.68
121.6354774480847 99.287 110.18 37.76
121.40238195846776 101.435 112.28 38.55
119.74150556677421 100.955 105.29 90.35
118.41280445341937 98.229 84.24 119.89
116.3724435627355 96.102 67.10 98.58
104.1629548501884 94.458 51.26 97.68
93.41416388015071 94.458 76.27 96.65
94.40553110412057 93.012 78.92 95.48
92.24562488329646 91.963 55.94 152.48
85.84069990663717 100.048 43.79 113.98
77.52755992530973 106.504 47.13 132.30
72.10584794024778 111.405 45.00 136.27
67.02927835219823 115.492 44.58 127.09
62.96802268175858 127.588 31.33 126.51
56.520418145406865 137.238 30.82 159.75
51.36233451632549 144.773 38.37 136.27
50.43446761306039 151.084 38.75 155.85
48.21377409044831 156.258 36.98 143.94
47.91561927235865 160.085 34.30 126.19
45.33849541788692 167.91 32.29 171.83
45.125796334309534 178.379 22.11 105.84
42.24663706744763 186.862 27.58 128.68
39.9433096539581 193.358 27.45 147.23
38.10064772316648 198.767 23.89 150.91
36.62651817853319 198.745 27.78 163.97
35.44721454282655 198.71 29.80 155.42
34.50377163426124 198.273 28.25 186.47
33.74901730740899 202.748 26.96 199.13
33.145213845927195 206.106 27.07 179.98
33.970417651114055 136.857 35.32 107.41
35.04253412089125 138.111 40.73 88.81
39.099027296713 139.306 37.06 97.43
38.2852218373704 140.049 33.32 95.91
37.63417746989632 140.722 38.70 128.26
40.191141975917056 141.384 43.10 128.74
41.00791358073364 141.761 43.54 111.71
42.15093086458691 141.837 24.14 113.84
39.86674469166953 142.202 30.60 110.79
38.039395753335626 142.411 32.42 96.51
39.2865166026685 142.341 42.60 127.48
40.773813282134796 142.077 44.82 122.69
41.963650625707835 142.027 39.10 121.82
42.91552050056627 139.302 32.39 91.35
40.478416400453014 140.015 31.07 120.55
38.52873312036241 140.499 54.91 100.94
46.31538649628993 140.901 70.42 113.13
52.54470919703195 141.685 76.82 82.63
57.52816735762556 124.765 78.48 66.89
63.72873388610045 111.153 77.05 55.47
66.47538710888035 100.387 101.87 30.05
75.79990968710429 91.818 93.17 25.12
83.25952774968343 84.975 80.50 23.28
82.10002219974675 79.363 86.08 11.41
84.3750177597974 76.42 119.59 8.79
94.53561420783792 64.007 128.89 33.89
102.66409136627034 56.875 129.60 43.52
109.16687309301628 51.216 129.29 66.00
114.36909847441302 49.579 131.93 63.95
118.53087877953041 51.121 128.67 40.60
121.86030302362433 52.227 120.56 27.88
124.52384241889946 56.132 128.75 19.75
125.67147393511956 59.207 134.01 18.13
127.57277914809565 61.484 126.83 9.52
129.09382331847652 63.611 79.07 41.61
128.85325865478123 65.392 66.39 39.76
117.34620692382498 65.392 57.25 30.86
104.94196553905998 66.714 86.59 55.91
101.65977243124799 67.782 65.12 54.68
91.8666143559987 68.646 56.55 63.74
85.53749148479896 67.949 64.83 73.06
83.92239318783918 65.894 62.85 69.61
79.18211455027134 64.109 58.24 80.31
75.38989164021707 62.763 46.52 67.56
68.17811331217366 61.755 37.85 84.13
62.40869064973893 60.808 37.38 77.59
59.27155251979114 77.421 45.97 69.85
57.501042015832915 90.672 36.04 102.90
52.146833612666335 100.687 28.22 94.43
47.86346689013307 108.961 27.80 80.55
44.436773512106456 116.097 30.63 87.72
42.555418809685165 121.652 40.98 86.27
43.388935047748134 125.781 42.50 91.56
44.05574803819851 129.39 32.63 90.12
41.39059843055881 132.305 30.58 106.03
39.258478744447046 134.724 29.17 108.80
37.552782995557635 136.525 28.89 98.18
36.18822639644611 137.951 25.93 114.87
35.09658111715689 139.075 29.48 111.13
34.22326489372551 139.736 26.93 106.33
30.730535217729727 59.956 19.24 69.40
30.730428174183782 59.834 28.19 71.18
30.730342539347024 59.19 24.59 75.30
30.73027403147762 58.347 26.09 73.28
30.730219225182097 57.994 28.88 97.22
31.590175380145677 47.158 31.30 76.52
37.316340304116544 49.749 44.70 102.22
37.71927224329323 51.104 27.90 74.61
36.321417794634584 52.372 30.62 67.84
35.203134235707665 52.406 30.60 49.09
37.50710738856613 44.318 37.94 30.47
36.151685910852905 46.85 30.00 75.95
35.067348728682326 48.676 31.10 87.33
37.39847898294586 49.558 38.22 76.01
37.78498318635669 44.83 39.14 68.46
40.311786549085355 47.243 53.66 62.73
45.522429239268284 46.909 53.45 59.56
46.50174339141463 39.409 52.55 54.64
54.9075947131317 40.749 90.55 55.12
66.54567577050537 41.632 88.85 42.54
70.9427406164043 37.856 87.70 34.40
75.44919249312343 36.772 81.31 18.94
75.85175399449875 30.646 79.23 15.72
76.173803195599 30.573 88.15 7.76
86.9914425564792 27.782 115.91 3.79
93.68715404518336 25.897 120.37 3.86
101.00212323614669 21.751 131.42 2.32
107.83729858891735 21.888 134.98 1.60
113.30543887113387 22.12 134.53 5.13
117.6799510969071 22.215 134.34 6.85
121.17956087752569 18.722 134.65 9.78
123.97924870202056 19.652 129.27 5.08
126.21899896161645 21.631 121.95 7.94
127.02759916929315 21.755 99.84 16.36
121.29627933543452 18.417 86.45 21.00
114.74322346834762 19.252 88.56 17.54
111.9487787746781 19.928 88.69 29.01
109.23322301974248 20.515 88.03 47.32
106.08157841579398 17.346 64.07 58.86
91.78361018610815 18.507 63.58 98.88
85.47108814888652 21.561 51.00 49.62
74.52287051910922 25.556 35.88 74.39
65.76429641528738 29.655 30.47 75.01
63.6764371322299 25.624 37.65 79.13
57.94714970578392 31.796 35.96 83.03
56.44151976462714 37.058 41.07 101.71
53.01941581170171 41.042 37.28 71.56
48.56153264936137 34.922 29.46 73.77
46.715426119489095 39.522 33.34 83.72
43.51834089559128 42.798 28.17 84.78
40.96067271647303 45.657 29.82 93.26
38.91453817317842 46.924 28.16 82.07
37.27763053854274 39.886 26.09 104.45
35.96810443083419 43.557 25.54 95.46
34.92048354466735 46.052 20.78 82.65
34.08238683573388 48.343 26.52 73.06
33.411909468587105 40.852 26.55 93.83
32.875527574869686 45.545 25.59 105.48
32.44642205989575 47.786 24.61 70.68
32.103137647916604 49.811 24.08 75.18
38.02677005567812 50.741 39.54 65.29
39.27641604454249 50.991 43.88 74.87
38.427132835634 48.511 31.74 45.24
36.8877062685072 48.603 28.12 58.83
35.656165014805765 46.754 30.17 59.77
37.86953201184461 46.779 37.57 65.67
39.15062560947569 48.297 30.82 57.31
37.466500487580554 51.78 25.21 41.59
36.11920039006444 47.826 30.62 41.70
35.04136031205155 49.662 34.20 41.99
35.899288249641245 50.906 30.93 43.31
34.865430599712994 50.692 30.49 26.77
37.23694447977039 48.519 39.95 45.83
36.795555583816316 51.14 34.69 45.44
35.58244446705305 52.218 35.78 37.45
41.73895557364244 52.185 62.60 22.69
47.65476445891395 46.444 70.43 24.03
54.84501156713116 41.032 90.47 30.39
67.97000925370493 35.102 105.88 33.22
78.47000740296394 33.819 104.45 30.88
82.93020592237116 33.739 98.60 16.71
86.49836473789692 32.19 102.69 5.93
91.81829179031753 31.479 111.01 4.27
95.09683343225403 29.73 117.79 0.41
103.11306674580322 27.293 134.64 15.18
109.52605339664258 26.197 131.29 6.96
114.65644271731406 25.832 131.41 3.73
118.76075417385125 25.161 133.09 14.99
122.04420333908101 23.235 133.16 5.97
124.6709626712648 24.326 133.03 20.13
126.77237013701185 24.725 130.15 15.59
128.4534961096095 25.077 131.79 15.04
129.7983968876876 23.555 131.86 17.29
130.8743175101501 23.469 130.53 28.17
131.73505400812007 23.479 84.01 25.29
125.06224320649606 23.148 63.10 32.13
112.09399456519685 23.624 64.14 15.53
103.93879565215748 21.384 87.46 18.59
105.77063652172599 24.423 87.42 34.15
102.32270921738079 26.016 75.18 45.55
100.55316737390463 28.227 61.94 19.35
91.5075338991237 27.062 50.97 24.28
84.27102711929896 33.437 40.45 50.21
75.28302169543917 36.942 39.12 32.26
68.09261735635134 41.388 31.67 25.71
60.620093885081076 46.366 34.11 12.49
54.64207510806486 49.369 40.70 21.57
53.797460086451885 46.202 34.48 36.13
50.04396806916151 48.574 39.41 31.94
50.11897445532921 49.658 40.10 28.09
49.43977956426337 51.333 34.50 35.30
51.5960236514107 51.757 29.14 37.48
47.42281892112856 48.127 30.60 41.92
44.08425513690285 49.451 35.50 41.53
43.13360410952228 51.089 28.87 49.58
41.512883287617825 50.987 30.56 48.82
39.35630663009426 50.924 34.29 25.60
38.491045304075406 50.534 36.09 14.15
38.659036243260324 52.135 33.58 28.99
38.79342899460826 55.459 31.68 17.80
33.443533343790286 32.114 32.92 20.98
32.90082667503223 30.839 30.21 56.38
32.46666134002578 28.327 27.66 56.38
32.119329072020626 25.161 27.20 43.30
32.119329072020626 25.485 30.09 48.76
31.8414632576165 28.679 30.57 35.64
31.6191706060932 32.29 29.80 40.07
31.441336484874558 34.061 25.52 29.38
31.299069187899647 29.255 27.53 36.20
31.185255350319718 31.973 30.90 15.30
36.992404280255776 34.594 40.31 21.63
35.73992342420462 34.985 32.58 15.37
34.7379387393637 34.951 30.65 50.01
38.85535099149096 31.889 42.55 46.01
38.95048079319277 30.471 39.30 16.45
44.433384634554216 31.683 56.12 26.40
46.611707707643376 32.908 57.53 28.96
48.3543661661147 34.144 59.65 22.20
56.38969293289176 33.19 82.31 16.46
67.73135434631341 31.907 96.72 10.69
73.85928347705072 26.888 97.29 10.12
77.78242678164058 24.232 95.35 3.80
89.26154142531246 22.529 110.92 3.69
95.50323314024996 20.424 117.79 1.25
103.43818651219996 19.283 101.09 0.00
102.42474920975997 18.507 98.75 0.01
102.09399936780797 20.042 111.86 0.00
108.71079949424637 20.517 134.80 0.00
114.0042395953971 21.221 134.77 0.00
118.23899167631768 21.221 134.56 1.86
121.62679334105414 19.154 134.21 0.40
124.33703467284332 18.359 134.74 5.92
126.50522773827466 15.823 117.78 1.77
126.78238219061973 14.089 117.15 2.21
124.04550575249579 14.259 105.28 9.39
120.87860460199663 13.169 105.61 15.62
122.7552836815973 13.684 95.42 19.32
115.91042694527785 13.043 80.63 24.04
108.22074155622228 11.976 71.88 25.71
100.84019324497783 10.981 67.54 32.14
94.93575459598226 9.588 50.74 20.55
86.0324036767858 9.178 49.83 31.03
82.09892294142864 8.781 35.99 38.74
71.8251383531429 12.512 28.86 22.57
63.60611068251433 18.35 32.77 26.64
59.739888546011464 21.092 48.93 19.79
59.83611083680917 22.054 35.48 35.76
54.01488866944734 26.55 22.05 21.36
49.35791093555787 26.306 29.05 16.97
45.6323287484463 27.362 30.04 29.63
42.65186299875704 29.34 26.45 46.88
41.12749039900563 31.169 23.44 69.44
39.0479923192045 30.615 29.34 55.74
37.384393855363605 31.476 30.46 50.60
36.053515084290886 32.428 30.34 38.33
34.98881206743271 33.328 30.88 38.67
34.13704965394617 35.082 28.40 7.02
35.17583972315694 37.467 28.49 7.46
34.28667177852555 35.759 28.80 27.57
33.57533742282044 35.779 29.17 24.15
31.562267288224767 465.963 29.54 289.05
31.395813830579815 462.084 26.74 301.87
31.262651064463853 444.115 23.20 322.43
31.15612085157108 428.252 26.08 317.17
31.070896681256865 417.019 20.67 311.58
31.002717345005493 407.973 30.38 300.35
30.948173876004393 401.014 30.81 313.42
32.62473910080352 393.599 36.67 300.74
34.954791280642816 389.267 40.09 268.16
37.30843302451425 385.949 45.17 258.40
38.7017464196114 383.118 30.88 247.55
37.107397135689126 381.176 30.56 289.83
35.8319177085513 377.648 39.68 303.69
40.709734166841045 375.726 48.53 289.10
42.65158733347283 375.564 51.61 277.46
48.38486986677827 372.552 65.44 261.42
52.97149589342261 364.915 67.02 287.04
56.64079671473809 321.636 64.71 201.58
58.58563737179047 287.114 76.09 142.63
68.51070989743238 259.587 78.14 126.08
69.0721679179459 236.576 62.77 107.16
69.0721679179459 219.053 69.93 79.02
74.93193433435673 205.016 116.51 70.14
86.98114746748539 164.7 134.21 149.12
96.62051797398831 164.316 134.51 161.40
110.50121150335252 164.935 134.52 194.21
115.43656920268202 165.419 134.52 210.26
119.38485536214561 165.908 134.72 211.96
122.54348428971649 165.335 134.90 135.45
125.07038743177318 165.739 134.71 145.27
127.09190994541855 166.167 134.25 133.61
128.70912795633484 166.432 131.74 159.32
130.00290236506788 166.833 130.86 166.63
131.0379218920543 166.002 112.88 196.53
124.50453751364344 140.254 102.49 188.45
118.29863001091475 127.198 85.24 255.94
113.33390400873179 116.572 89.28 229.29
110.34132320698544 115.074 90.69 228.44
107.94725856558834 122.025 83.86 260.31
98.40200685247068 127.416 53.12 292.74
84.86760548197654 146.792 33.06 335.60
75.76028438558123 175.528 37.89 283.78
73.88122750846499 200.252 49.94 300.17
66.971182006772 227.513 40.50 242.01
62.9215456054176 256.685 38.60 266.51
62.9215456054176 278.019 34.77 227.95
59.19223648433408 297.218 44.16 175.05
58.41878918746727 312.35 41.27 244.59
52.88103134997382 324.7 27.70 268.59
48.450825079979055 332.275 30.38 250.11
48.105260063983245 340.419 32.68 282.53
44.6302080511866 347.302 30.91 292.45
42.71016644094928 352.546 22.56 327.17
40.314133152759425 356.7 25.84 298.59
38.39730652220754 357.744 23.62 277.12
36.863845217766034 360.324 26.61 288.02
35.63707617421283 362.73 27.37 328.90
34.655660939370264 364.28 29.53 331.23
33.87052875149621 366.011 30.11 333.28
33.24242300119697 365.098 27.13 346.76
34.397309629110254 189.552 32.95 139.04
34.523847703288205 186.663 34.13 132.50
33.765078162630566 185.928 28.74 109.05
33.15806253010445 181.595 30.31 98.66
35.87105002408356 178.088 40.88 82.21
38.041440019266844 175.148 32.96 99.07
36.57915201541348 171.881 30.15 123.66
35.409321612330785 170.325 30.54 125.22
39.39245728986463 172.553 38.67 70.21
37.659965831891704 174.379 31.58 94.56
37.13397266551336 174.907 33.42 75.36
36.71317813241069 175.975 35.69 73.19
36.376542505928555 177.433 39.21 116.98
45.822434004742846 178.385 59.21 121.03
46.741747203794276 178.205 41.64 85.21
43.539397763035424 178.75 30.54 101.53
40.97751821042834 178.75 37.17 115.96
48.27441456834268 179.518 66.23 84.12
54.111931654674144 178.87 76.48 67.34
61.98454532373931 175.852 77.46 77.81
67.29383625899145 169.862 85.05 80.24
73.98926900719316 150.435 111.74 94.70
86.22701520575453 134.411 108.67 80.68
91.60121216460362 123.918 111.91 2.47
100.3165697316829 115.604 132.39 33.36
107.28885578534633 108.928 133.72 7.91
112.86668462827706 103.009 134.50 10.33
117.32894770262165 96.98 134.41 16.07
120.89875816209732 92.108 134.91 19.03
123.75460652967786 88.274 134.58 22.08
126.03928522374228 84.637 134.74 21.54
127.86702817899382 82.291 134.87 18.67
129.32922254319504 80.423 132.40 32.93
130.49897803455605 82.557 133.87 62.58
131.43478242764485 81.899 105.29 46.24
127.76742594211588 81.726 105.34 86.04
123.8561407536927 81.874 81.74 58.49
118.75911260295416 81.988 69.80 62.40
106.07229008236332 82.077 56.05 84.98
96.90203206589067 81.533 61.42 92.29
90.79462565271253 81.588 55.20 113.41
83.70070052217002 87.092 50.28 71.69
83.68176041773602 91.428 42.28 84.94
73.95140833418881 101.323 30.62 94.07
65.30712666735106 113.683 39.71 97.00
63.31070133388084 123.596 34.20 106.14
56.794561067104674 135.205 30.34 108.09
51.58164885368374 139.724 36.39 108.64
52.33031908294699 144.461 33.78 64.97
48.010255266357596 152.051 29.31 108.17
44.55420421308608 156.97 25.86 85.16
41.78936337046886 162.057 30.57 144.74
39.577490696375094 165.908 29.61 117.54
40.516992557100075 168.959 27.28 79.51
38.55959404568006 138.715 31.39 115.66
36.99367523654405 114.621 31.80 80.77
36.60094018923524 98.978 34.41 79.82
36.28675215138819 90.138 30.18 82.46
36.03540172111055 82.654 30.99 78.36
34.97432137688844 73.382 32.61 120.90
30.730000000711595 109.722 30.00 79.56
33.43900000056927 116.272 38.12 76.42
36.835000000455416 121.559 41.21 73.39
35.614000000364335 120.195 31.13 95.03
34.63720000029147 119.787 35.93 72.50
38.77476000023318 119.675 37.17 89.12
37.165808000186544 119.734 30.57 81.45
35.878646400149236 118.778 30.76 45.49
37.55791712011939 118.83 38.19 54.15
38.90133369609551 118.835 43.16 54.85
41.20486695687641 118.777 39.22 61.71
39.969893565501124 117.938 31.84 40.62
38.1219148524009 115.788 31.35 60.17
39.35253188192072 113.994 40.82 54.88
40.33702550553657 112.497 45.86 52.88
44.31382040442926 108.298 62.40 57.25
48.72405632354341 100.863 62.21 51.86
52.252245058834724 94.799 70.36 38.77
59.50799604706778 89.676 81.42 30.21
67.76059683765422 85.842 77.68 39.96
67.48147747012338 82.784 68.14 43.10
69.4775819760987 76.964 90.87 31.97
78.20166558087897 71.915 98.87 18.69
82.23553246470317 68.293 116.49 13.66
92.82402597176254 65.395 132.30 14.24
101.29482077741002 61.877 126.20 11.58
108.07145662192802 56.478 131.45 10.04
113.49276529754242 52.399 131.43 21.70
117.82981223803394 51.496 130.56 16.49
121.29944979042715 51.496 131.44 37.02
124.07515983234171 50.408 129.05 9.34
126.29572786587337 52.204 123.47 14.34
128.0721822926987 51.282 120.76 12.80
129.49334583415896 50.578 110.61 16.16
126.21427666732717 49.724 95.05 35.40
125.06542133386174 49.203 85.06 43.78
116.77353706708939 48.925 93.53 38.59
113.09302965367151 48.702 73.97 33.63
110.6286237229372 60.551 59.29 29.64
99.56789897834976 69.042 66.29 34.31
91.6985191826798 76.785 84.20 41.48
95.00101534614384 82.992 52.76 52.54
90.26441227691508 87.845 35.76 52.14
79.21752982153207 88.712 37.28 57.68
71.24022385722566 90.038 34.74 39.54
63.99817908578053 91.069 37.72 59.30
57.34454326862442 91.213 42.74 64.70
60.139234614899536 92.074 32.04 65.96
54.25738769191963 92.78 27.62 54.84
49.55191015353571 93.346 32.42 71.47
45.78752812282857 96.094 44.58 74.47
46.71382249826286 100.473 36.55 77.88
43.19580639888823 103.466 30.18 75.20
40.702645119110585 106.318 30.73 77.24
40.428316095288466 108.924 38.55 81.44
40.20885287623077 110.019 34.85 92.99
38.31308230098462 111.795 28.13 79.09
36.7964658407877 113.261 30.34 79.70
36.443172672630155 114.421 32.78 97.72
36.16053813810412 115.537 32.02 62.42
30.73052180984226 303.225 22.97 246.40
30.73041744787381 299.853 30.12 227.62
30.730333958299045 292.972 23.58 223.96
30.730267166639237 292.017 24.08 214.48
30.73021373331139 290.823 26.10 203.02
30.730170986649114 289.892 30.19 191.33
32.450336789319294 285.43 33.88 178.77
32.10626943145544 285.422 29.89 158.92
31.83101554516435 285.262 30.67 166.74
35.54861243613148 285.542 41.27 182.36
38.52268994890518 251.243 38.90 199.09
36.964151959124145 222.299 30.74 164.60
36.577321567299315 212.282 35.61 228.79
38.60645725383945 215.519 38.73 192.07
37.03116580307156 217.393 30.46 183.26
38.969532642457246 225.415 47.32 189.93
47.896826113965794 233.559 58.99 153.53
46.183660891172636 209.801 43.24 157.24
44.81312871293811 190.774 46.03 136.94
53.556702970350486 175.556 91.36 150.23
65.4649623762804 161.666 77.44 153.40
64.41616990102432 152.181 62.97 138.70
63.57713592081945 144.643 69.52 105.28
72.50390873665556 138.575 117.62 39.13
85.03872698932445 134.963 134.68 45.41
95.06658159145955 130.898 134.77 65.94
103.08886527316764 121.861 134.74 68.58
109.50669221853411 108.935 133.42 81.22
114.6409537748273 98.61 134.35 23.71
118.74836301986184 89.523 134.82 1.84
122.03429041588947 83.114 134.21 24.07
124.66303233271158 92.395 131.91 63.61
126.76602586616926 99.64 119.55 95.70
121.45373655434832 101.181 96.42 120.96
114.86918924347866 104.014 86.71 106.66
117.47355139478293 106.164 94.82 119.76
110.70004111582634 107.924 87.74 135.64
106.26623289266107 107.791 83.66 141.45
97.05718631412886 109.081 59.88 178.23
84.65174905130309 110.318 40.48 160.64
77.06599924104246 111.306 38.29 162.47
77.06599924104246 110.449 47.64 199.31
67.79879939283397 111.216 33.17 262.70
63.09403951426717 111.817 31.46 240.13
59.33023161141374 112.607 41.69 213.40
56.31918528913099 121.873 43.53 189.94
58.328348231304794 143.737 49.11 138.03
52.808678585043836 166.844 28.19 168.44
48.39294286803507 190.501 30.24 234.00
45.720354294428056 209.538 29.62 210.27
43.58228343554244 220.667 29.72 254.09
41.011826748433954 234.233 28.02 259.33
38.95546139874716 244.988 25.02 253.31
37.31036911899773 253.513 25.94 272.60
35.994295295198185 255.752 28.43 308.96
34.94143623615855 262.137 24.70 331.02
34.09914898892684 267.196 27.07 387.25
33.425319191141476 271.159 23.43 385.14
32.88625535291318 270.424 15.32 332.25
32.45500428233055 273.985 16.53 357.02
37.70624649561971 56.307 44.00 67.59
40.248797196495765 68.573 48.34 102.53
43.26403775719661 71.724 36.72 58.31
41.61723020575729 75.102 30.98 84.35
39.43978416460583 77.785 30.86 85.63
38.55782733168466 80.105 45.20 34.64
42.89046186534773 80.981 45.96 57.64
43.16736949227818 91.252 35.87 61.01
42.40009559382255 99.76 30.77 66.91
40.06607647505804 106.56 32.89 62.68
40.90786118004643 110.065 44.55 61.51
42.070888944037144 114.642 35.33 66.87
39.802711155229716 118.175 30.57 73.28
37.988168924183775 121.42 43.69 56.91
43.66353513934702 122.154 45.94 81.23
43.78582811147761 124.411 48.34 69.07
46.093662489182094 126.146 62.30 65.10
50.14792999134568 127.613 67.30 65.90
54.38194399307654 127.266 81.61 23.59
65.14775519446124 110.535 81.06 32.26
67.61060415556899 97.264 82.06 36.30
71.79468332445519 89.623 93.00 6.62
77.10994665956416 83.484 112.65 16.09
84.30755732765132 83.484 105.76 11.21
90.06564586212106 78.758 119.14 7.96
94.67211668969685 74.139 132.25 11.41
102.77329335175747 68.198 133.74 12.49
109.25423468140598 60.506 132.54 3.91
118.58679019609983 57.309 133.55 0.01
121.90503215687986 54.061 132.39 7.58
124.55962572550388 55.153 134.26 21.49
124.55962572550388 61.822 134.42 14.88
126.6833005804031 64.367 133.77 24.49
128.38224046432248 64.31 116.76 44.22
125.32539237145798 64.437 100.80 7.62
120.41451389716639 65.026 98.40 20.85
118.95121111773311 65.514 79.07 35.95
108.43396889418648 65.781 56.84 46.74
96.83097511534918 63.966 52.52 58.07
90.73778009227934 63.15 64.58 67.87
88.08262407382347 61.189 57.95 70.66
80.54989925905878 59.722 49.59 74.92
74.52371940724701 63.791 39.06 59.63
67.48517552579762 65.873 45.02 55.81
68.25174042063809 68.688 55.84 70.17
66.64559233651048 70.744 52.46 62.99
64.38147386920838 80.522 44.51 71.16
60.3601790953667 90.99 42.02 70.16
57.143143276293365 96.24 45.68 56.17
56.77951462103469 103.616 47.59 73.82
55.50741169682775 109.259 36.67 74.28
52.272129357462205 110.254 38.09 54.79
51.162303485969765 111.668 30.66 116.38
47.075842788775816 111.64 34.38 78.92
46.515674231020654 113.194 36.49 75.15
44.21853938481652 114.389 36.08 67.46
43.24103150785322 115.574 41.10 93.97
44.67662520628258 116.143 43.52 63.09
45.08590016502606 117.884 42.45 66.70
45.41332013202085 120.948 40.17 54.04
32.22054841582735 116.76 28.48 50.42
31.92243873266188 115.277 30.61 53.81
35.621750986129506 111.711 34.39 48.24
34.643400788903605 109.068 31.27 64.87
33.86072063112289 106.888 31.78 52.62
33.86072063112289 101.585 45.33 67.40
33.234576504898314 100.812 32.39 54.07
32.73366120391865 98.353 28.80 39.75
32.33292896313492 98.032 30.27 28.12
32.87234317050793 96.713 33.21 33.00
34.164074536406346 96.902 39.24 31.00
35.19745962912508 97.153 31.70 26.51
34.30396770330006 97.718 30.25 41.65
36.298174162640045 96.525 37.11 39.30
36.04453933011204 96.495 34.91 28.50
37.69063146408963 96.652 56.49 28.05
47.8587051712717 97.05 67.56 34.26
51.55996413701736 95.177 65.92 30.64
56.74037130961389 92.2 76.22 21.12
64.08729704769111 90.915 80.92 6.67
66.76223763815288 80.56 83.74 4.76
75.05199011052231 71.71 100.49 9.56
82.66119208841785 65.14 107.20 6.36
88.74855367073428 59.902 122.54 8.19
98.03444293658742 55.713 133.54 2.75
105.46315434926994 52.313 105.18 3.41
108.46452347941596 49.186 97.39 6.20
105.46661878353277 47.165 98.74 7.01
106.99289502682622 45.595 130.15 18.65
112.62991602146097 43.542 130.51 14.28
117.13953281716877 41.371 129.04 8.54
120.74722625373502 40.126 133.68 29.71
123.63338100298802 39.146 124.88 16.42
125.94230480239041 37.895 111.77 29.54
124.84784384191232 37.34 93.88 28.92
122.49787507352985 37.7 76.35 30.61
111.27130005882388 37.874 69.00 27.60
102.29004004705911 38.135 92.07 24.45
105.92603203764729 37.773 72.72 34.25
103.43582563011783 38.064 56.99 31.60
93.81366050409426 38.295 60.32 35.36
88.3239284032754 42.355 49.63 35.79
81.72414272262033 48.661 39.03 55.86
73.24551417809626 56.655 41.71 41.82
70.640611342477 65.056 36.23 33.29
62.6584890739816 71.712 32.59 51.81
56.27279125918528 75.806 49.62 38.23
56.08323300734823 80.316 36.92 45.14
53.72158640587858 83.827 30.72 38.77
49.123269124702865 86.737 42.19 54.60
48.64321529976229 88.962 46.05 64.79
48.99837223980983 89.519 27.64 61.22
48.05369779184787 91.018 30.21 47.91
44.588958233478294 92.43 32.31 51.17
41.81716658678263 93.422 39.10 80.87
44.51873326942611 93.085 30.66 31.81
41.76098661554089 94.03 31.95 58.53
39.55478929243271 98.588 29.89 74.47
39.51003143394617 98.265 30.84 38.25
37.75402514715694 97.361 33.03 35.17
30.731708361495226 234.939 20.71 179.81
30.731366689196182 226.546 27.13 149.77
30.731093351356947 219.232 20.91 187.46
30.730874681085556 207.901 28.97 209.49
30.730699744868446 205.029 28.71 195.13
30.730559795894756 202.714 28.89 186.80
33.43944783671581 200.715 29.44 213.77
32.897558269372645 199.289 25.67 178.83
32.46404661549812 191.415 30.61 145.27
32.1172372923985 191.621 34.65 137.77
34.548789833918796 188.239 46.72 161.40
37.722831867135035 184.617 36.87 118.89
36.324265493708026 177.275 30.27 166.54
36.92561239496642 176.704 41.77 153.40
41.58468991597314 175.697 37.69 134.67
49.988951932778505 175.223 65.28 122.14
52.0353615462228 170.996 59.97 144.03
57.120689236978244 149.645 79.52 127.97
64.39155138958259 135.053 78.44 107.77
67.00564111166607 123.328 75.73 110.79
71.31071288933285 114.242 101.01 109.70
82.62677031146629 104.536 113.81 83.39
90.19541624917304 103.263 127.90 46.28
99.19193299933843 100.175 134.54 45.90
106.38914639947075 97.408 134.87 41.65
112.1469171195766 92.705 134.64 45.89
116.75313369566128 91.475 135.01 50.19
120.43810695652903 90.579 134.42 66.89
125.74446845217858 89.812 134.87 78.18
127.63117476174287 89.139 134.54 63.69
129.14053980939428 86.432 134.56 72.11
128.89063184751544 86.38 117.73 69.09
129.16490547801234 85.996 126.87 74.34
123.00612438240988 84.198 90.34 80.62
113.8972995059279 80.593 70.09 92.64
110.79203960474233 79.86 85.99 89.83
112.72763168379386 79.29 105.69 97.11
110.3363053470351 78.808 84.23 116.71
99.33404427762807 75.952 56.11 75.08
85.61323542210245 76.031 32.56 94.36
77.83518833768196 84.333 41.32 125.72
75.54115067014557 98.418 51.02 122.20
67.43892053611646 109.257 38.39 119.82
61.817336428893164 116.476 38.27 145.80
59.53766914311453 131.539 37.23 138.11
53.776135314491626 143.905 30.45 104.03
49.1669082515933 153.499 27.49 116.31
45.47952660127464 155.233 31.04 120.61
42.529621281019715 162.668 28.85 114.96
40.169697024815775 168.872 27.74 128.12
38.28175761985262 173.516 29.99 151.64
37.6314060958821 171.402 24.37 130.98
36.25112487670568 175.828 23.78 155.90
35.14689990136455 179.261 28.93 164.59
34.26351992109164 181.97 30.33 183.83
34.41681593687331 177.946 31.92 201.26
33.67945274949865 181.14 29.43 200.66
33.08956219959892 183.106 29.80 228.93
33.47764975967914 193.07 28.86 232.15
32.928119807743315 200.571 29.38 261.08
30.73948611775881 96.799 29.13 62.95
30.737588894207047 98.224 32.13 61.03
35.65507111536564 99.179 31.60 69.63
34.67005689229251 98.294 29.18 70.39
33.88204551383401 97.599 24.19 64.75
33.25163641106721 98.368 30.54 41.36
32.74730912885377 99.581 34.54 45.81
35.542447303083016 100.614 31.60 41.53
34.57995784246641 101.777 22.68 45.90
33.80996627397313 101.972 29.02 42.98
33.19397301917851 100.264 30.39 47.60
32.70117841534281 101.093 38.54 39.89
38.20514273227425 101.407 58.26 52.64
42.608314185819395 101.626 37.75 46.77
40.232651348655516 105.012 30.60 34.04
39.192121078924416 103.851 55.28 48.09
48.07489686313953 106.126 42.55 42.06
47.314917490511625 105.552 32.30 31.92
43.9979339924093 105.36 33.45 19.67
44.05334719392744 102.979 70.27 16.60
53.937677755141955 101.091 84.87 6.66
61.845142204113564 81.126 77.20 22.45
64.96851376329086 67.23 91.38 4.67
73.61701101063268 56.07 109.59 0.01
85.92920880850615 47.221 126.02 1.49
94.32156704680492 40.107 130.81 11.79
102.49285363744393 34.136 133.86 5.68
109.02988290995515 29.643 133.20 0.01
114.25950632796412 26.021 132.63 17.84
118.44320506237129 23.17 131.16 12.19
121.79016404989703 20.868 133.16 2.48
124.46773123991763 27.004 127.89 11.83
126.6097849919341 33.101 104.26 9.65
122.93002799354728 35.788 107.49 23.47
119.98622239483782 37.827 86.74 11.60
122.04137791587026 39.623 76.82 7.48
113.1255023326962 39.998 50.14 26.50
100.58420186615696 41.198 75.16 20.48
95.95976149292557 37.563 96.41 41.26
98.41000919434045 34.671 71.07 25.20
96.43420735547235 32.38 57.32 38.85
90.42036588437789 30.036 36.13 46.18
80.2024927075023 28.684 31.77 40.31
70.30799416600183 29.926 39.54 36.84
67.31139533280147 33.22 31.79 54.28
59.995116266241176 35.723 33.86 48.20
54.142093012992945 42.488 28.04 47.83
52.658274410394355 42.211 27.72 38.22
48.27261952831549 43.082 28.73 42.92
44.76409562265239 41.399 31.52 52.53
41.957276498121914 40.225 45.28 61.33
42.91042119849753 40.455 33.45 79.43
43.18333695879802 46.317 26.25 93.37
40.69266956703842 51.168 30.47 79.86
38.70013565363074 59.345 35.38 68.76
37.10610852290459 68.729 28.24 44.52
36.690886818323676 73.417 23.81 45.99
35.49870945465894 81.979 27.38 41.01
34.544967563727155 93.589 20.78 37.20
33.781974050981724 98.109 21.69 41.66
30.750502277184918 80.137 31.11 23.93
33.455401821747934 78.753 35.58 39.75
32.91032145739835 78.344 30.11 42.26
33.33425716591868 78.014 34.24 40.15
33.67340573273494 74.826 29.67 25.81
33.08472458618795 72.534 31.32 26.56
34.33397966895036 69.918 39.62 36.49
35.33338373516029 71.402 30.16 32.56
34.412706988128235 69.422 20.20 34.60
33.67616559050259 66.66 30.67 31.57
33.086932472402076 65.977 30.54 28.63
32.61554597792166 62.997 34.73 33.27
34.94743678233733 57.206 30.88 47.14
34.103949425869864 52.667 33.87 41.73
36.97448763255671 50.267 41.06 33.78
37.445790106045365 49.389 38.64 40.08
44.22023208483629 51.907 59.87 45.60
60.95438566786903 55.528 95.21 46.77
71.38310853429523 50.585 100.73 21.28
76.78068682743618 48.754 96.99 25.86
85.51854946194895 48.217 94.83 27.84
86.12103956955916 48.273 84.55 29.73
83.16043165564733 47.857 71.13 7.78
86.68254532451786 44.401 99.35 7.76
95.39843625961429 40.158 109.54 7.98
98.93834900769143 36.825 114.01 13.21
106.18627920615315 35.705 131.93 10.63
111.98462336492251 34.587 127.12 11.94
116.623298691938 34.557 133.31 8.61
120.3342389535504 35.419 131.73 5.84
123.30299116284031 35.953 134.04 20.18
125.67799293027225 35.472 127.74 6.57
126.5947943442178 35.907 100.61 15.51
122.91803547537424 34.878 109.10 19.17
125.37002838029939 34.35 104.01 13.15
118.99102270423951 33.011 94.91 16.93
113.88781816339161 32.555 95.81 17.02
115.20425453071329 32.261 68.84 17.29
105.43640362457063 35.162 54.24 37.93
93.20412289965651 37.414 44.88 37.87
86.60749831972521 40.978 62.90 28.02
84.77839865578017 46.959 55.62 38.49
84.77839865578017 50.331 44.08 42.50
77.90651892462414 52.453 40.89 45.79
69.33121513969931 54.783 31.14 32.46
61.61097211175945 54.73 36.79 41.43
60.353777689407565 56.159 46.33 38.59
58.36682215152605 58.724 39.67 42.97
55.54845772122084 61.073 31.49 43.95
55.54845772122084 61.378 27.77 49.34
50.58476617697667 62.434 30.68 61.14
46.61381294158134 63.893 34.46 44.49
44.29705035326507 66.732 29.73 41.97
41.58364028261206 66.574 32.70 56.85
41.13311222608965 67.395 40.20 48.97
42.99028978087172 66.449 35.51 25.97
41.398231824697376 66.788 39.20 47.38
44.1835854597579 64.199 39.57 32.20
43.21306836780632 65.61 42.52 68.41
44.654254694245054 66.402 43.17 41.71
31.768867221863704 113.083 28.35 97.60
31.561093777490964 114.065 29.97 105.31
31.39487502199277 115.029 17.89 111.71
31.26190001759422 115.708 17.58 127.94
31.155520014075375 108.334 27.16 128.91
31.0704160112603 110.646 30.60 114.90
31.00233280900824 112.08 33.84 136.35
33.656866247206594 110.831 27.62 138.24
33.071492997765276 103.207 30.49 139.85
32.603194398212224 103.88 35.04 105.71
36.16635551856978 107.107 43.64 138.47
39.016884414855824 109.141 45.32 101.71
41.297307531884655 103.097 46.14 139.33
44.10284602550772 106.434 42.18 115.87
43.14847682040618 106.472 40.54 98.17
45.58378145632494 106.289 61.79 93.64
50.730625165059955 99.396 57.99 119.43
51.64950013204796 88.689 65.99 91.32
60.014600105638365 80.392 93.56 94.17
74.41810406760855 68.929 81.40 70.10
69.61828325408685 59.84 66.84 43.20
67.73882660326947 50.249 51.57 34.36
76.81066128261558 43.768 89.35 26.08
88.48412902609246 38.534 131.82 20.37
97.82290322087397 34.38 134.87 12.10
105.29392257669917 37.049 134.54 21.41
111.27073806135934 34.541 134.63 28.66
116.05219044908748 34.723 133.62 42.11
119.87735235926998 34.834 134.71 53.31
122.93748188741598 35.081 134.49 47.97
125.38558550993278 34.414 134.63 55.31
127.34406840794622 37.063 131.42 35.27
128.91085472635697 36.629 118.86 43.06
129.1810837810856 36.362 122.09 53.11
122.03986702486847 33.786 62.63 63.17
106.48689361989477 34.251 49.52 76.41
91.33551489591582 36.853 30.52 83.74
84.13341191673265 39.064 52.22 78.91
86.00172953338613 39.677 78.80 57.60
83.0649836267089 39.306 46.35 90.33
72.59798690136711 41.066 34.61 97.94
64.22438952109368 42.36 30.77 97.34
61.46331161687495 48.036 40.12 130.86
55.31664929349996 51.125 30.62 96.51
50.39931943479996 59.86 32.01 119.20
49.66405554783997 71.758 41.03 74.61
48.586244438271976 80.479 37.27 67.95
45.014995550617584 80.546 30.68 88.23
43.017996440494066 87.713 30.57 79.04
40.560397152395254 98.876 30.20 107.40
38.594317721916205 102.37 28.10 111.43
37.021454177532966 105.562 18.21 121.31
35.763163342026374 100.4 18.33 131.74
34.7565306736211 104.249 21.39 111.73
33.95122453889688 107.588 28.66 132.24
33.30697963111751 110.665 23.15 134.34
32.79158370489401 105.118 20.02 153.25
32.37926696391521 108.12 13.97 149.77
32.04941357113216 110.008 14.27 115.44
31.78553085690573 111.761 14.47 60.81
30.732418022961003 109.859 23.76 19.85
30.7319344183688 107.564 30.44 54.68
30.731547534695043 101.091 30.09 80.23
32.45143802775603 96.123 22.41 54.24
32.107150422204825 90.987 28.84 69.44
31.83172033776386 89.711 30.41 46.71
31.611376270211085 89.327 32.76 26.86
34.14410101616887 85.652 23.11 36.89
33.461280812935094 84.121 29.03 32.59
32.91502465034807 82.76 28.04 39.76
32.47801972027846 82.053 29.62 35.70
32.12841577622277 82.309 33.55 40.11
35.786532620978214 82.389 37.83 39.79
34.775226096782575 78.228 30.58 35.49
33.96618087742606 80.065 37.61 23.12
38.23794470194085 78.962 55.04 32.64
44.853955761552676 78.8 43.72 21.00
42.029164609242144 78.049 30.60 25.10
39.769331687393716 74.52 51.51 10.51
46.07906534991497 75.133 90.18 21.36
58.50545227993197 66.57 84.52 14.89
64.51056182394558 59.842 88.53 14.74
69.31464945915647 53.974 118.57 4.27
82.48731956732517 50.171 117.00 2.55
91.56805565386014 43.541 113.16 5.28
97.34844452308812 38.373 110.82 6.12
103.9311556184705 34.204 120.00 10.60
107.2389244947764 31.46 130.16 4.58
112.82673959582112 30.244 131.34 4.67
117.2969916766569 29.418 127.02 9.43
120.87319334132552 29.991 129.16 2.94
123.73415467306042 30.898 121.88 16.05
126.02292373844833 31.398 131.01 11.71
127.85393899075866 30.633 132.55 10.83
129.31875119260692 29.676 86.80 5.76
129.03320095408554 30.792 72.63 18.00
117.49016076326843 31.471 61.60 18.76
106.03632861061475 31.952 82.76 23.18
104.50326288849179 29.935 69.09 31.44
101.30881031079343 28.859 47.18 32.46
83.3783185989078 28.111 46.73 28.80
74.56885487912623 27.584 40.00 34.17
68.510083903301 39.601 39.56 31.96
63.6630671226408 49.042 39.42 39.54
58.796653698112635 53.001 33.46 26.27
53.18332295849011 59.576 27.96 37.54
48.69265836679209 65.042 28.95 37.46
45.10012669343367 68.926 19.69 37.69
42.22610135474694 69.622 30.09 25.74
39.926881083797554 72.778 30.54 33.71
39.926881083797554 75.685 28.88 40.75
38.08750486703804 77.718 26.96 41.84
36.616003893630435 76.11 29.97 39.86
35.438803114904346 77.969 34.94 60.41
36.21724249192348 79.533 25.99 50.80
35.119793993538785 80.752 28.77 41.66
34.241835194831026 79.073 27.80 32.35
33.539468155864824 80.137 26.34 76.73
32.97757452469186 80.79 25.73 60.27
32.52805961975349 80.565 22.84 57.57
32.48022800034174 53.718 37.31 37.30
33.85038240027339 54.617 36.12 29.14
34.94650592021871 57.326 34.73 42.84
34.96320473617497 55.223 28.54 44.59
34.11656378893998 54.793 27.39 43.01
33.43925103115198 54.289 30.34 36.87
33.75740082492159 53.644 28.30 53.33
33.151920659937275 53.201 21.69 29.93
32.66753652794982 50.786 29.33 59.42
32.28002922235986 53.052 30.75 40.23
31.970023377887888 52.558 35.87 34.87
35.65981870231031 52.358 31.71 29.22
36.594083969478596 51.045 34.12 39.81
39.35906717558288 48.198 50.05 46.76
42.552253740466305 47.609 45.50 41.30
40.187802992373044 48.623 32.00 33.49
41.005242393898435 48.82 39.87 56.34
51.499193915118745 46.981 81.21 36.72
57.920555132095 46.482 71.55 36.30
61.828844105676 40.588 80.42 17.57
75.0412752845408 35.828 95.21 20.70
79.70722022763265 34.263 85.18 11.44
75.80997618210611 31.947 60.95 3.36
74.91158094568489 30.109 75.46 0.66
85.50746475654792 29.203 124.06 0.01
95.44157180523834 26.67 132.62 1.91
103.38885744419068 24.61 117.72 5.21
109.74668595535255 22.385 126.18 6.14
114.83294876428204 21.302 118.07 11.40
117.91875901142564 20.467 125.52 0.02
120.3874072091405 21.028 121.56 7.73
120.4039257673124 21.616 106.93 4.04
117.96534061384992 21.151 114.09 11.41
121.40787249107993 21.366 114.67 7.25
121.22029799286395 19.454 105.33 11.19
118.61843839429116 18.68 107.67 7.36
120.47295071543293 17.657 93.82 14.86
116.05256057234634 20.287 90.29 23.54
111.53704845787706 23.371 76.00 37.33
104.72203876630165 27.382 81.77 34.77
105.41983101304132 28.376 66.66 22.56
96.38006481043305 28.138 49.00 47.83
86.44865184834644 29.442 44.71 55.76
78.50352147867716 30.29 41.36 31.23
72.88661718294172 34.653 34.57 29.55
64.45529374635338 37.031 30.55 24.21
57.7102349970827 40.932 43.73 42.43
59.44118799766616 41.0 28.94 44.82
54.55895039813293 44.785 23.58 52.71
49.793160318506345 47.252 30.55 44.53
45.98052825480508 49.146 30.75 32.05
42.930422603844065 49.15 31.62 36.94
42.21053808307525 49.509 27.65 43.94
39.9144304664602 48.087 30.52 64.23
38.077544373168166 47.639 33.05 48.70
37.46803549853453 50.569 34.18 42.35
36.98042839882763 50.738 35.67 32.66
37.4505427190621 49.973 30.36 60.19
36.10643417524968 47.532 28.96 51.95
35.891147340199744 48.221 29.02 41.01
